50
53
193
110
184
70
197
178
232
49
160
127
189
29
26
225
74
174
180
101
120
29
206
104
163
117
19
160
47
197
108
213
31
121
75
65
249
139
168
246
165
111
253
0
172
79
244
167
254
51
177
235
71
160
187
22
69
252
148
159
206
224
115
60
151
240
97
32
248
214
231
136
61
183
215
213
164
109
149
91
67
184
159
60
241
17
203
112
0
64
97
189
217
196
126
227
82
36
49
144
138
202
173
110
95
118
171
27
232
233
64
118
48
252
114
39
249
100
152
217
246
148
4
155
51
84
135
3
161
41
66
68
186
115
39
139
231
126
61
26
81
228
248
59
189
179
250
234
46
122
14
236
78
81
73
214
60
136
205
181
212
34
71
5
176
208
122
134
197
59
132
227
72
250
238
229
150
105
116
41
227
22
68
96
246
130
195
181
33
135
249
11
201
13
44
108
125
200
126
116
129
50
111
190
49
22
62
134
0
60
7
102
170
228
9
187
77
157
17
55
189
96
113
67
127
9
189
100
237
189
245
34
28
121
29
112
20
60
59
131
54
155
214
111
81
134
204
117
135
40
117
198
47
3
199
253
48
168
219
187
213
244
56
203
221
247
250
78
23
183
92
124
184
204
180
21
102
104
203
21
247
191
145
209
246
172
130
229
66
134
213
156
97
68
55
173
122
223
111
87
206
29
186
63
248
96
173
52
251
226
5
84
64
137
32
87
140
216
174
83
102
24
138
46
2
221
116
150
9
127
191
11
148
125
81
217
67
65
230
50
103
121
245
30
144
81
137
78
27
103
169
143
165
72
59
225
122
81
214
184
119
196
164
249
31
182
158
222
22
173
197
191
113
129
72
200
172
79
71
69
249
118
210
110
194
16
224
102
87
137
4
126
6
49
201
8
160
120
110
214
102
142
35
120
76
85
80
8
59
159
49
21
82
96
86
63
213
112
3
11
79
231
72
154
234
15
191
143
183
212
174
19
250
152
68
184
88
182
127
167
224
1
251
207
158
246
231
235
103
251
161
46
184
76
161
112
118
228
179
2
202
134
177
2
232
116
95
230
240
161
148
156
210
83
61
85
123
209
45
39
19
199
94
19
83
185
161
144
98
164
52
197
91
219
53
40
136
59
48
168
93
51
65
255
14
52
81
120
53
234
86
139
142
209
81
12
179
46
55
173
255
19
216
142
216
177
156
187
60
166
35
201
39
23
116
178
140
43
189
94
121
24
97
95
13
209
63
64
39
156
108
115
240
157
235
214
219
113
192
197
134
127
158
116
145
178
106
181
230
4
80
167
78
72
66
70
128
153
179
39
95
88
174
118
32
203
187
34
251
169
30
54
69
52
153
140
97
208
215
41
204
43
240
238
221
125
171
47
223
82
118
134
83
50
179
58
164
251
48
226
83
238
181
86
187
206
70
212
139
238
87
77
161
7
15
91
157
141
151
212
225
151
103
57
242
14
234
60
46
116
157
221
243
232
139
146
165
98
141
14
5
243
25
121
170
139
115
224
233
71
23
6
188
71
49
155
148
164
60
20
253
11
38
154
53
169
153
0
23
168
124
114
173
129
226
110
219
187
7
201
231
45
169
210
165
19
254
150
104
223
172
206
123
29
8
129
247
136
147
178
152
250
144
75
51
155
241
87
70
57
241
105
15
215
144
11
23
55
83
11
187
216
209
89
141
98
213
183
20
9
19
26
129
222
8
109
97
215
182
13
248
66
14
15
19
118
142
171
23
99
204
130
122
48
200
17
60
38
64
158
139
247
179
110
200
247
18
250
70
149
71
226
251
227
57
114
209
233
165
139
137
132
12
207
0
196
52
172
196
248
13
167
213
209
220
130
182
163
208
100
192
221
185
92
209
106
39
178
98
254
227
112
82
93
176
203
76
223
205
249
145
245
180
116
87
105
82
118
221
106
139
65
32
16
180
236
189
18
12
40
136
115
68
133
129
75
95
53
187
49
22
48
235
236
144
30
5
44
92
175
58
0
70
207
151
70
132
254
210
59
87
30
247
92
252
70
19
155
130
19
122
51
58
173
220
81
231
82
160
202
225
159
253
33
104
68
47
89
61
139
164
189
197
171
215
242
54
25
190
237
255
217
55
117
55
113
181
197
50
255
211
237
116
184
12
180
135
215
227
179
145
212
45
142
62
128
81
192
42
252
82
33
102
49
28
68
153
134
60
215
69
177
157
147
151
49
59
161
39
145
157
153
161
0
145
205
19
110
143
164
211
123
15
175
29
198
227
65
218
104
190
99
118
145
111
57
16
196
182
